[gd_scene load_steps=8 format=3 uid="uid://cg2mcp3cwvf4x"]

[ext_resource type="Script" uid="uid://onb5ylg6xqxe" path="res://hand.gd" id="1_dqaan"]

[sub_resource type="ProceduralSkyMaterial" id="ProceduralSkyMaterial_dqaan"]
sky_horizon_color = Color(0.66224277, 0.6717428, 0.6867428, 1)
ground_horizon_color = Color(0.66224277, 0.6717428, 0.6867428, 1)

[sub_resource type="Sky" id="Sky_a6h3t"]
sky_material = SubResource("ProceduralSkyMaterial_dqaan")

[sub_resource type="Environment" id="Environment_lp8k7"]
background_mode = 2
sky = SubResource("Sky_a6h3t")
tonemap_mode = 2
glow_enabled = true

[sub_resource type="Curve" id="Curve_a6h3t"]
_data = [Vector2(0, 0), 0.0, 0.0, 0, 0, Vector2(0.50497514, 1), 0.0, 0.0, 0, 0, Vector2(1, 0), 0.0, 0.0, 0, 0]
point_count = 3

[sub_resource type="Curve" id="Curve_dqaan"]
_limits = [-1.0, 1.0, 0.0, 1.0]
_data = [Vector2(0, -1), 0.0, 2.0, 0, 1, Vector2(1, 1), 2.0, 0.0, 1, 0]
point_count = 2

[sub_resource type="Curve" id="Curve_lp8k7"]
_data = [Vector2(0, 0.5), 0.0, 0.0, 0, 1, Vector2(1, 0.5), 0.0, 0.0, 1, 0]
point_count = 2

[node name="Rig" type="Camera3D"]
transform = Transform3D(-4.388746e-08, -0.76385236, 0.645391, 1.4876497e-10, 0.645391, 0.76385236, -1, 3.361955e-08, -2.8210936e-08, 0, 0, 0)
current = true
fov = 65.0

[node name="DirectionalLight3D" type="DirectionalLight3D" parent="."]
transform = Transform3D(-0.8660254, -0.43301278, 0.25, 0, 0.49999997, 0.86602545, -0.50000006, 0.75, -0.43301266, 0, 0, 0)
shadow_enabled = true

[node name="WorldEnvironment" type="WorldEnvironment" parent="."]
environment = SubResource("Environment_lp8k7")

[node name="Hand" type="Node3D" parent="."]
transform = Transform3D(-1, 1.525908e-08, -1.5022282e-07, 6.3441324e-15, 0.99488074, 0.10105627, 1.509958e-07, 0.10105627, -0.99488074, 0, -0.319, -0.70599985)
script = ExtResource("1_dqaan")
height_curve = SubResource("Curve_a6h3t")
width_curve = SubResource("Curve_dqaan")
rotation_curve = SubResource("Curve_lp8k7")

[connection signal="child_entered_tree" from="Hand" to="Hand" method="_on_child_entered_tree"]
